1 
000020 동화약품 250 
20140411 5700 5850 5700 5800 68510 
20140410 5700 5730 5630 5720 74970 
20140409 5700 5700 5580 5680 71854 
20140408 5680 5730 5600 5670 44970 
20140407 5800 5810 5670 5740 89912 
20140404 5750 5810 5690 5800 91681 
20140403 5700 5770 5670 5710 81355 
20140402 5610 5730 5560 5710 105863 
20140401 5480 5580 5420 5580 95021 
20140331 5500 5580 5440 5530 101618 
20140328 5590 5610 5350 5560 157220 
20140327 5690 5710 5470 5590 137841 
20140326 5710 5730 5650 5720 64000 
20140325 5750 5750 5600 5730 96916 
20140324 5780 5780 5680 5740 76576 
20140321 5790 5790 5660 5740 49877 
20140320 5710 5770 5630 5700 55577 
20140319 5740 5780 5600 5720 77450 
20140318 5640 5740 5590 5740 88181 
20140317 5750 5750 5510 5600 141737 
20140314 5770 5870 5700 5780 161636 
20140313 5650 5890 5580 5860 218120 
20140312 5690 5710 5530 5650 148596 
20140311 5490 5720 5460 5690 188340 
20140310 5490 5550 5330 5460 150390 
20140307 5460 5640 5450 5490 158310 
20140306 5500 5550 5400 5450 120152 
20140305 5410 5610 5330 5500 295742 
20140304 5380 5450 5310 5390 123888 
20140303 5290 5530 5130 5390 302694 
20140228 5100 5250 5070 5190 185329 
20140227 4990 5160 4960 5090 351931 
20140226 4830 4920 4800 4920 142619 
20140225 4855 4865 4780 4780 66561 
20140224 4715 4870 4690 4840 118632 
20140221 4675 4715 4660 4695 58414 
20140220 4655 4685 4585 4675 119591 
20140219 4715 4715 4625 4640 101013 
20140218 4710 4735 4675 4715 54693 
20140217 4730 4735 4680 4710 50147 
20140214 4790 4820 4670 4690 123274 
20140213 4810 4850 4785 4790 39121 
20140212 4865 4910 4830 4830 55389 
20140211 4820 4890 4820 4865 31259 
20140210 4920 4930 4830 4850 79986 
20140207 4865 4910 4840 4890 49449 
20140206 4860 4900 4825 4855 46324 
20140205 4890 4945 4875 4880 58068 
20140204 4915 4960 4860 4900 56831 
20140203 4925 5100 4880 4970 156972 
20140129 4790 4935 4790 4925 48349 
20140128 4800 4875 4745 4830 63311 
20140127 4755 4805 4745 4800 49710 
20140124 4855 4895 4745 4865 75983 
20140123 4945 4970 4835 4855 79673 
20140122 4935 4990 4920 4970 76445 
20140121 4950 4995 4900 4960 74932 
20140120 4930 4995 4850 4995 96598 
20140117 4910 4920 4855 4910 112872 
20140116 4780 4875 4775 4860 348224 
20140115 4700 4845 4700 4750 82249 
20140114 4725 4725 4685 4690 57824 
20140113 4740 4740 4685 4700 76871 
20140110 4760 4770 4680 4700 56910 
20140109 4785 4785 4685 4735 164913 
20140108 4630 4730 4580 4730 96900 
20140107 4555 4625 4545 4580 103201 
20140106 4575 4580 4500 4555 71873 
20140103 4420 4575 4420 4540 107190 
20140102 4440 4510 4410 4440 99452 
20131230 4315 4455 4315 4390 124714 
20131227 4500 4550 4395 4430 1318159 
20131226 4680 4735 4555 4580 442634 
20131224 4680 4705 4600 4660 25677 
20131223 4515 4650 4515 4650 48363 
20131220 4490 4605 4430 4545 90765 
20131219 4645 4765 4480 4480 122125 
20131218 4685 4700 4590 4645 58325 
20131217 4785 4800 4640 4655 183228 
20131216 4850 4850 4780 4800 33600 
20131213 4890 4900 4800 4855 18313 
20131212 4805 4980 4800 4890 57951 
20131211 4800 4865 4790 4865 28420 
20131210 4910 4910 4790 4865 34822 
20131209 4900 4900 4820 4895 28295 
20131206 4760 4895 4760 4860 35801 
20131205 4810 4865 4720 4740 66161 
20131204 4850 4900 4780 4845 52560 
20131203 4960 4980 4850 4850 94940 
20131202 5000 5030 4900 4970 122794 
20131129 5050 5050 4975 5000 34250 
20131128 5040 5040 4985 4985 54275 
20131127 5070 5070 4980 5040 42746 
20131126 5030 5070 4970 5070 65721 
20131125 5000 5050 4965 5000 49253 
20131122 5100 5110 4985 5000 24721 
20131121 5010 5090 4985 5080 51410 
20131120 5000 5120 5000 5070 72186 
20131119 5050 5120 4980 5040 69487 
20131118 5140 5140 4965 5120 144278 
20131115 5200 5200 5100 5170 17870 
20131114 5130 5240 5080 5190 34904 
20131113 5250 5250 5130 5150 6981 
20131112 5140 5230 5130 5230 28671 
20131111 5250 5300 5070 5140 34839 
20131108 5330 5330 5180 5250 39910 
20131107 5430 5440 5270 5340 56780 
20131106 5390 5460 5370 5410 20710 
20131105 5560 5560 5380 5440 35856 
20131104 5580 5610 5460 5530 31391 
20131101 5590 5660 5550 5590 20111 
20131031 5670 5670 5570 5570 32680 
20131030 5670 5680 5580 5660 16860 
20131029 5660 5670 5600 5670 18810 
20131028 5650 5690 5610 5660 23026 
20131025 5630 5670 5580 5640 29829 
20131024 5570 5650 5570 5630 13918 
20131023 5540 5690 5540 5590 22910 
20131022 5550 5610 5530 5530 24441 
20131021 5530 5610 5530 5550 37850 
20131018 5590 5680 5490 5530 72976 
20131017 5800 5840 5600 5630 83510 
20131016 5840 5870 5750 5780 14821 
20131015 5940 5940 5800 5840 11990 
20131014 5840 5970 5800 5860 18520 
20131011 5780 5890 5730 5840 26850 
20131010 5770 5850 5730 5730 8651 
20131008 5870 5870 5730 5800 24477 
20131007 5860 5960 5830 5830 35443 
20131004 5890 5980 5850 5950 25490 
20131002 5980 6040 5920 5920 41436 
20131001 6000 6030 5910 5960 26594 
20130930 6020 6060 5930 6010 33964 
20130927 5770 6050 5770 6020 69725 
20130926 5820 5820 5720 5790 29890 
20130925 5760 5840 5700 5790 32880 
20130924 5760 5820 5730 5790 26275 
20130923 5770 5830 5770 5790 18071 
20130917 5750 5820 5720 5800 20850 
20130916 5800 5820 5710 5780 38724 
20130913 5820 5850 5740 5800 33062 
20130912 5810 5920 5790 5810 63810 
20130911 5800 5840 5730 5830 42497 
20130910 5780 5810 5670 5800 96472 
20130909 5810 5840 5730 5800 56280 
20130906 5650 5820 5650 5750 130552 
20130905 6010 6050 5600 5650 395557 
20130904 6060 6110 5950 6010 52550 
20130903 6130 6150 6020 6080 50340 
20130902 6140 6200 6060 6130 45879 
20130830 6170 6240 6120 6210 33400 
20130829 6120 6200 6060 6170 60603 
20130828 6090 6130 5980 6100 31151 
20130827 6100 6160 5980 6100 40060 
20130826 6140 6180 6070 6100 17623 
20130823 6140 6220 6020 6120 83828 
20130822 6300 6300 6110 6120 119820 
20130821 6410 6590 6230 6380 66310 
20130820 6570 6590 6360 6410 106730 
20130819 6730 6730 6550 6580 86513 
20130816 6620 6720 6570 6720 50760 
20130814 6510 6720 6500 6710 57257 
20130813 6570 6640 6490 6530 44888 
20130812 6710 6750 6540 6600 68330 
20130809 6700 6730 6570 6700 67320 
20130808 6870 6940 6590 6700 196827 
20130807 6950 6970 6800 6870 78143 
20130806 7050 7070 6910 6970 78090 
20130805 6850 7080 6770 7030 174804 
20130802 6900 6950 6760 6870 83056 
20130801 7080 7080 6880 6880 73625 
20130731 6940 7080 6830 7000 96015 
20130730 7050 7050 6910 6940 31330 
20130729 7000 7120 6940 7030 54812 
20130726 7150 7160 7020 7040 51931 
20130725 7110 7150 6970 7140 62833 
20130724 7100 7120 7050 7090 31182 
20130723 7180 7180 7040 7100 50347 
20130722 7140 7230 7090 7180 124756 
20130719 6930 7190 6930 7090 175828 
20130718 6880 6900 6810 6900 35807 
20130717 6820 6880 6770 6880 34040 
20130716 6850 6850 6760 6800 17992 
20130715 6850 6900 6800 6820 38731 
20130712 6830 6870 6770 6820 35962 
20130711 6760 6850 6720 6830 30041 
20130710 6810 6810 6720 6760 23581 
20130709 6860 6890 6700 6770 26948 
20130708 6900 6910 6740 6850 23662 
20130705 6870 6930 6780 6890 82334 
20130704 6800 6890 6700 6810 61634 
20130703 6870 6950 6660 6720 98736 
20130702 6780 6890 6760 6820 35420 
20130701 6620 6900 6610 6860 111717 
20130628 6620 6660 6550 6640 26041 
20130627 6510 6560 6420 6550 41497 
20130626 6260 6450 6260 6380 49590 
20130625 6430 6610 6150 6230 130070 
20130624 6620 6620 6500 6530 32850 
20130621 6400 6620 6350 6510 104521 
20130620 6900 6930 6620 6620 125249 
20130619 6940 7040 6760 6950 161559 
20130618 6930 6990 6800 6970 60845 
20130617 7000 7100 6810 6970 63020 
20130614 6990 7100 6900 7000 84970 
20130613 7010 7050 6850 6990 85770 
20130612 6910 7050 6830 7040 71346 
20130611 6820 6940 6700 6910 82730 
20130610 6680 6820 6630 6810 39174 
20130607 6670 6750 6470 6650 96301 
20130605 6750 6830 6620 6670 51032 
20130604 6910 6970 6650 6780 139461 
20130603 6880 7060 6830 6910 64022 
20130531 7050 7080 6900 6930 68003 
20130530 6990 7060 6980 7050 106690 
20130529 7070 7150 6900 7060 173360 
20130528 7010 7130 6990 7060 46685 
20130527 7030 7060 6940 7020 58630 
20130524 6880 7050 6720 7040 96979 
20130523 7110 7140 6830 6850 170543 
20130522 7210 7210 7050 7100 147462 
20130521 7110 7410 7060 7190 368140 
20130520 7220 7250 7030 7100 94298 
20130516 7160 7380 7130 7250 385664 
20130515 6800 7110 6790 7030 143205 
20130514 6910 7020 6610 6760 191259 
20130513 7100 7170 6850 6920 123400 
20130510 7120 7180 6990 7090 124982 
20130509 7360 7360 7080 7170 116934 
20130508 7230 7420 7220 7300 207145 
20130507 7150 7210 7050 7200 235360 
20130506 7160 7230 7050 7120 174055 
20130503 6700 7180 6630 7170 355990 
20130502 6800 6820 6570 6700 123102 
20130430 6650 6870 6650 6750 254863 
20130429 6700 6750 6580 6680 186255 
20130426 6540 6780 6500 6700 334769 
20130425 6290 6560 6270 6550 263273 
20130424 6320 6430 6280 6330 108562 
20130423 6190 6330 6150 6310 73084 
20130422 6170 6250 6000 6220 65250 
20130419 6300 6340 6150 6170 133031 
20130418 6340 6400 6280 6340 124840 
20130417 6370 6480 6240 6350 142197 
20130416 6200 6530 6200 6370 288238 
20130415 6160 6390 6150 6280 159978 
20130412 6140 6380 6060 6140 152712 
20130411 6060 6140 5990 6110 43460 
20130410 6020 6040 5950 6030 25691 
20130409 6010 6030 5770 6010 142641 
